1194
1205
1217
1229
1241
1253
1265
1277
1289
1301
1314
1327
1340
1353
1366
1379
1392
1405
1419
1433
1447
1461
1475
1489
1503
1518
1533
1548
1563
1578
1593
1608
1624
1640
1656
1672
1688
1704
1721
1738
1755
1772
1789
1806
1824
1842
1860
1878
1896
1914
1933
1952
1971
1990
2009
2029
2049
2069
2089
2109
2130
2151
2172
2193
2214
2236
2258
2280
2302
2325
2348
2371
2394
2417
2441
2465
2489
2513
2538
2563
2588
2613
2639
2665
2691
2717
2744
2771
2798
2825
2853
2881
2909
2938
2967
2996
3025
3055
3085
3115
3146
3177
3208
3240
3272
3304
3337
3370
3403
3437
3471
3505
3540
3575
3610
3646
3682
3718
3755
3792
3829
3867
3905
3944
3983
4022
4062
4102
4143
4184
4225
4267
4309
4352
4395
4438
4482
4526
4571
4616
4662
4708
4755
4802
4850
4898
4946
4995
5044
5094
5144
5195
5246
5298
5350
5403
5457
5511
5566
5621
5677
5733
5790
5847
5905
5964
6023
6083
6143
6204
6266
6328
6391
6454
6518
6583
6648
6714
6781
6848
6916
6985
7054
7124
7195
7266
7338
7411
7485
7559
7634
7710
7787
7864
7942
8021
8101
8182
8263
8345
8428
8512
8597
8682
8768
8855
8943
9032
9122
9213
9305
9398
9491
9585
9680
9776
9873
9971
10070
10170
10271
10373
10476
10580
10685
10791
10898
11006
11116
11227
11339
11452
11566
11681
11797
11914
12033
12153
12274
12396
12519
12644
12770
12897
13025
13155
13286
13418
13552
13687
13823
13961
14100
14241
14383
14526
14671
14817
14965
15114
15265
15417
15571
15726
15883
16041
16201
16363
16526
16691
16857
17025
17195
17366
17539
17714
17891
18069
18249
18431
18615
18801
18989
19178
19369
19562
19757
19954
20153
20354
20557
20762
20969
21178
21389
21602
21818
22036
22256
22478
22702
22929
23158
23389
23622
23858
24096
24336
24579
24824
25072
25322
25575
25830
26088
26348
26611
26877
27145
27416
27690
27966
28245
28527
28812
29100
29391
29684
29980
30279
30581
30886
31194
31505
31820
32138
32459
32783
33110
33441
33775
34112
34453
34797
35144
35495
35849
36207
36569
36934
37303
37676
38052
38432
38816
39204
39596
39991
40390
40793
41200
41612
42028
42448
42872
43300
43733
44170
44611
45057
45507
45962
46421
46885
47353
47826
48304
48787
49274
49766
50263
50765
51272
51784
52301
52824
53352
53885
54423
54967
55516
56071
56631
57197
57768
58345
58928
59517
60112
60713
61320
61933
62552
63177
63808
64446
65090
65740
66397
67060
67730
68407
1444
1458
1472
1486
1500
1515
1530
1545
1560
1575
1590
1605
1621
1637
1653
1669
1685
1701
1718
1735
1752
1769
1786
1803
1821
1839
1857
1875
1893
1911
1930
1949
1968
1987
2006
2026
2046
2066
2086
2106
2127
2148
2169
2190
2211
2233
2255
2277
2299
2321
2344
2367
2390
2413
2437
2461
2485
2509
2534
2559
2584
2609
2635
2661
2687
2713
2740
2767
2794
2821
2849
2877
2905
2934
2963
2992
3021
3051
3081
3111
3142
3173
3204
3236
3268
3300
3333
3366
3399
3432
3466
3500
3535
3570
3605
3641
3677
3713
3750
3787
3824
3862
3900
3939
3978
4017
4057
4097
4137
4178
4219
4261
4303
4346
4389
4432
4476
4520
4565
4610
4656
4702
4749
4796
4843
4891
4939
4988
5037
5087
5137
5188
5239
5291
5343
5396
5449
5503
5558
5613
5669
5725
5782
5839
5897
5955
6014
6074
6134
6195
6256
6318
6381
6444
6508
6573
6638
6704
6771
6838
6906
6975
7044
7114
7185
7256
7328
7401
7475
7549
7624
7700
7777
7854
7932
8011
8091
8171
8252
8334
8417
8501
8586
8671
8757
8844
8932
9021
9111
9202
9294
9386
9479
9573
9668
9764
9861
9959
10058
10158
10259
10361
10464
10568
10673
10779
10886
10994
11103
11214
11326
11439
11553
11668
11784
11901
12020
12140
12261
12383
12506
12631
12757
12884
13012
13142
13273
13405
13539
13674
13810
13948
14087
14227
14369
14512
14657
14803
14951
15100
15251
15403
15557
15712
15869
16027
16187
16348
16511
16676
16842
17010
17180
17351
17524
17699
17875
18053
18233
18415
18599
18784
18971
19160
19351
19544
19739
19936
20135
20336
20539
20744
20951
21160
21371
21584
21799
22016
22236
22458
22682
22908
23137
23368
23601
23837
24075
24315
24558
24803
25051
25301
25554
25809
26067
26327
26590
26855
27123
27394
27667
27943
28222
28504
28789
29076
29366
29659
29955
30254
30556
30861
31169
31480
31794
32111
32432
32756
33083
33413
33747
34084
34424
34768
35115
35466
35820
36178
36539
36904
37273
37645
38021
38401
38785
39172
39563
39958
40357
40760
41167
41578
41993
42412
42836
43264
43696
44132
44573
45018
45468
45922
46381
46844
47312
47785
48262
48744
49231
49723
50220
50722
51229
51741
52258
52780
53307
53840
54378
54921
55470
56024
56584
57149
57720
58297
58879
59467
60061
60661
61267
61879
62497
63121
63752
64389
65032
65682
66338
67001
67671
68347
69030
69720
70417
71121
71832
72550
73275
74007
74747
75494
76248
77010
77780
78557
79342
80135
80936
81745
82562
83387
84220
85062
85912
86771
87638
88514
89399
90292
91194
92105
93026
93956
94895
95843
96801
97769
98746
99733
100730
101737
102754
103781
104818
105866
106924
107993
109072
110162
111263
112375
113498
114632
115778
116935
118104
119285
120477
121681
122897
124125
125366
126619
127885
129163
130454
131758
133075
134405
135749
137106
138477
139861
141259
142671
144097
145537
146992
148461
149945
151444
152958
154487
156031
157591
159166
160757
162364
163987
165626
167282
168954
170643
172349
174072
175812
177570
179345
181138
182949
184778
186625
188491
190375
192278
194200
196142
198103
200084
202084
204104
206145
208206
210288
212390
214513
216658
218824
221012
223222
225454
227708
229985
232284
234606
236952
239321
241714
244131
246572
249037
251527
254042
256582
259147
261738
264355
266998
269667
272363
275086
277836
280614
283420
286254
289116
292007
294927
297876
300854
303862
306900
309969
313068
316198
319359
322552
325777
329034
332324
335647
339003
342393
345816
349274
352766
356293
359855
363453
367087
370757
374464
378208
381990
385809
389667
393563
397498
401472
405486
409540
413635
417771
421948
426167
430428
434732
439079
443469
447903
452382
456905
461474
466088
470748
475455
480209
485011
489861
494759
499706
504703
509750
514847
519995
525194
530445
535749
541106
546517
551982
557501
563076
568706
574393
580136
585937
591796
597713
603690
609726
615823
621981
628200
634482
640826
647234
653706
660243
666845
673513
680248
687050
693920
700859
707867
714945
722094
729314
736607
743973
751412
758926
766515
774180
781921
789740
797637
805613
813669
821805
830023
838323
846706
855173
863724
872361
881084
889894
898792
907779
916856
926024
935284
944636
954082
963622
973258
982990
992819
1002747
1012774
1022901
1033130
1043461
1053895
1064433
1075077
1085827
1096685
1107651
1118727
1129914
1141213
1152625
1164151
1175792
1187549
1199424
1211418
1223532
1235767
1248124
1260605
1273211
1285943
1298802
1311790
1324907
1338156
1351537
1365052
1378702
1392489
1406413
1420477
1434681
1449027
1463517
1478152
1492933
1507862
1522940
1538169
1553550
1569085
1584775
1600622
1616628
1632794
1649121
1665612
1682268
1699090
1716080
1733240
1750572
1768077
1785757
1803614
1821650
1839866
1858264
1876846
1895614
1914570
1933715
1953052
1972582
1992307
