123
135
148
162
178
195
214
235
258
283
311
342
376
413
454
499
548
602
662
728
800
880
968
1064
1170
1287
1415
1556
1711
1882
2070
2277
2504
2754
3029
3331
3664
4030
4433
4876
5363
5899
6488
7136
7849
8633
9496
10445
11489
12637
13900
15290
16819
18500
20350
22385
24623
27085
29793
32772
36049
39653
43618
47979
52776
58053
63858
70243
77267
84993
93492
102841
113125
124437
136880
150568
165624
182186
200404
220444
242488
266736
293409
322749
355023
390525
429577
472534
519787
571765
628941
691835
761018
837119
920830
1012913
1114204
1225624
1348186
1483004
1631304
1794434
1973877
2171264
2388390
2627229
2889951
3178946
3496840
3846524
4231176
4654293
5119722
5631694
6194863
6814349
7495783
8245361
9069897
9976886
10974574
12072031
13279234
14607157
16067872
17674659
19442124
21386336
23524969
25877465
28465211
31311732
34442905
37887195
41675914
45843505
50427855
55470640
61017704
67119474
73831421
81214563
89336019
98269620
108096582
118906240
130796864
143876550
158264205
174090625
191499687
210649655
231714620
254886082