20000
40000
60000
80000
100000
120000
140000
160000
180000
200000
220000
240000
260000
280000
300000
320000
340000
360000
380000
400000
420000
440000
460000
480000
500000
520000
540000
560000
580000
600000
620000
640000
660000
680000
700000
720000
740000
760000
780000
800000
820000
840000
860000
880000
900000
920000
940000
960000
980000
1000000
1020000
1040000
1060000
1080000
1100000
1120000
1140000
1160000
1180000
1200000
1220000
1240000
1260000
1280000
1300000
1320000
1340000
1360000
1380000
1400000
1420000
1440000
1460000
1480000
1500000
1520000
1540000
1560000
1580000
1600000
1620000
1640000
1660000
1680000
1700000
1720000
1740000
1760000
1780000
1800000
1820000
1840000
1860000
1880000
1900000
1920000
1940000
1960000
1980000
2000000
2020000
2040000
2060000
2080000
2100000
2120000
2140000
2160000
2180000
2200000
2220000
2240000
2260000
2280000
2300000
2320000
2340000
2360000
2380000
2400000
2420000
2440000
2460000
2480000
2500000
2520000
2540000
2560000
2580000
2600000
2620000
2640000
2660000
2680000
2700000
2720000
2740000
2760000
2780000
2800000
2820000
2840000
2860000
2880000
2900000
2920000
2940000
2960000
2980000
3000000
3020000
3040000
3060000
3080000
3100000
3120000
3140000
3160000
3180000
3200000
3220000
3240000
3260000
3280000
3300000
3320000
3340000
3360000
3380000
3400000
3420000
3440000
3460000
3480000
3500000
3520000
3540000
3560000
3580000
3600000
3620000
3640000
3660000
3680000
3700000
3720000
3740000
3760000
3780000
3800000
3820000
3840000
3860000
3880000
3900000
3920000
3940000
3960000
3980000
4000000
4020000
4040000
4060000
4080000
4100000
4120000
4140000
4160000
4180000
4200000
4220000
4240000
4260000
4280000
4300000
4320000
4340000
4360000
4380000
4400000
4420000
4440000
4460000
4480000
4500000
4520000
4540000
4560000
4580000
4600000
4620000
4640000
4660000
4680000
4700000
4720000
4740000
4760000
4780000
4800000
4820000
4840000
4860000
4880000
4900000
4920000
4940000
4960000
4980000
5000000
5020000
5040000
5060000
5080000
5100000
5120000
5140000
5160000
5180000
5200000
5220000
5240000
5260000
5280000
5300000
5320000
5340000
5360000
5380000
5400000
5420000
5440000
5460000
5480000
5500000
5520000
5540000
5560000
5580000
5600000
5620000
5640000
5660000
5680000
5700000
5720000
5740000
5760000
5780000
5800000
5820000
5840000
5860000
5880000
5900000
5920000
5940000
5960000
5980000
6000000
6020000
6040000
6060000
6080000
