7.510185241699219e-05
0.00011801719665527344
3.7670135498046875e-05
5.507469177246094e-05
0.00016307830810546875
6.437301635742188e-05
0.00011563301086425781
0.0001304149627685547
0.0001780986785888672
0.00012159347534179688
0.00022220611572265625
0.0001957416534423828
0.0003390312194824219
0.0002269744873046875
0.00032448768615722656
0.001154184341430664
0.0003669261932373047
0.0005393028259277344
0.000461578369140625
0.000431060791015625
0.0005888938903808594
0.00038886070251464844
0.0003685951232910156
0.0006513595581054688
0.0005440711975097656
0.0005834102630615234
0.0005841255187988281
0.0006129741668701172
0.0013675689697265625
0.0015208721160888672
0.0009274482727050781
0.0007760524749755859
0.0008432865142822266
0.00136566162109375
0.0012264251708984375
0.0045125484466552734
0.001453399658203125
0.0019125938415527344
0.0016427040100097656
0.0019385814666748047
0.0026466846466064453
0.0017251968383789062
0.004733085632324219
0.003333568572998047
0.005948543548583984
0.004585742950439453
0.0075261592864990234
0.00894618034362793
0.011822700500488281
0.010475873947143555
0.013935565948486328
0.006026029586791992
0.011829376220703125
0.01922011375427246
0.01044321060180664
0.011545419692993164
0.022428274154663086
0.015044450759887695
0.011662960052490234
0.020143508911132812
0.032613277435302734
0.014842987060546875
0.020610332489013672
0.019469738006591797
0.033004045486450195
0.025763988494873047
0.03734588623046875
0.051970720291137695
0.030299663543701172
0.027365684509277344
0.03969264030456543
0.05975961685180664
0.050900936126708984
0.13002252578735352
0.11917352676391602
0.14380717277526855
0.0685112476348877
0.08729171752929688
0.17111754417419434
0.09170246124267578
0.23180556297302246
0.17617225646972656
0.13390612602233887
0.1609935760498047
0.09214186668395996
0.14389801025390625
0.259751558303833
0.26100921630859375
0.08745384216308594
0.32158470153808594
0.5064101219177246
0.31262660026550293
0.5906457901000977
0.34513235092163086
0.381852388381958
0.4765291213989258
0.7900216579437256
0.6963441371917725
0.8097310066223145
1.2764902114868164
1.2447335720062256
1.321711540222168
0.9860305786132812
0.9103426933288574
1.4194557666778564
2.949139356613159
3.3308942317962646
1.4579322338104248
2.502689838409424
1.6759226322174072
5.82268500328064
2.7408359050750732
2.588374614715576
2.4699459075927734
2.7483201026916504
6.129418134689331
6.359056711196899
5.374212741851807
9.815145015716553
1.7228002548217773
4.90376877784729
6.839199781417847
5.255372762680054
12.39809274673462
13.662311792373657
10.01161527633667
21.977283716201782
17.476848363876343
7.957149982452393
9.659938335418701
11.743529081344604
12.902744054794312
13.59033989906311
20.526015758514404
39.972052812576294
27.72291088104248
22.582059383392334
46.80660629272461
14.283387184143066
58.08243227005005
35.71059584617615
30.07860493659973
62.915050983428955
75.09415984153748
67.31688404083252
72.33702874183655
114.71481013298035
45.10991048812866
126.04909491539001
148.87914490699768
81.7535719871521
154.9359118938446
233.8633155822754
180.94009017944336