0.000598192
0.000335455
0.00033617
0.000328541
0.000332832
0.000327349
0.000335217
0.000343323
0.00033927
0.00033474
0.000367403
0.000355244
0.000364542
0.000382423
0.000358105
0.000380516
0.000379801
0.000377417
0.000388145
0.000388622
0.000394583
0.000397205
0.000384808
0.000407457
0.000403166
0.000408173
0.000410795
0.000409126
0.000426292
0.000418186
0.000437975
0.000448704
0.000448942
0.000457525
0.000462294
0.000488758
0.000482321
0.000461578
0.000458002
0.000480175
0.000469208
0.000522137
0.000495672
0.000506163
0.000491381
0.000511169
0.00050354
0.000575304
0.000523329
0.000520468
0.000536203
0.000542641
0.00054431
0.000542402
0.000561714
0.000554085
0.000760317
0.000909567
0.00092721
0.0007236
0.000621796
0.000613689
0.000618696
0.000620127
0.00062418
0.000638962
0.000635862
0.000661612
0.000651121
0.000638247
0.000666142
0.000671625
0.000664234
0.000693798
0.000694275
0.000694036
0.000696421
0.000703812
0.000711203
0.000722408
0.000730038
0.001323462
0.000868797
0.000795126
0.000787735
0.000778198
0.000801563
0.000815153
0.000801563
0.000801802
0.000818014
0.000813961
0.000832319
0.00090003
0.001027584
0.000968933
0.000929356
0.000907183
0.000895023
0.000883341
0.001013756
0.000961304
0.000931978
0.000938177
0.000948191
0.000943661
0.000964165
0.000972986
0.000965118
0.001013994
0.001036406
0.001023293
0.001040936
0.001060009
0.001084328
0.001067877
0.001093864
0.001143694
0.0012815
0.001200676
0.001154184
0.001150608
0.001162052
0.00116539
0.001173496
0.001194715
0.001205444
0.001202822
0.001211643
0.00125289
0.001275063
0.00131011
0.001272917
0.001315355
0.001320839
0.001315355
0.001342058
0.001346111
0.001353979
0.001569986
0.001389742
0.00141263
0.001401663
0.00150013
0.001488209
0.001504421
0.001481533
0.001525402
0.001529455
0.001545191
0.001552582
0.001587391
0.001587868
0.001619101
0.001631975
0.00162673
0.001657963
0.001726866
0.001696348
0.001709938
0.001777649
0.002162695
0.001881361
0.001902342
0.001867294
0.001870871
0.00193882
0.001918793
0.001922846
0.002054214
0.002014399
0.001967907
0.001962423
0.002017498
0.002015114
0.002040148
0.00207448
0.002066374
0.002089977
0.002102613
0.002179146
0.002166033
0.002198219
0.002232552
0.002281427
0.002292633
0.002288818
0.002310991
0.002343416
0.002552032
0.002408504
0.002438784
0.002701521
0.002573013
0.00267005
0.002688646
0.002686262
0.002720118
0.002695322
0.002691746
0.002858877
0.002861261
0.002779484
0.002812147
0.002959728
0.002871037
0.002872467
0.00293541
0.002982616
0.003316164
0.003430605
0.003517151
0.003637791
0.003428221
0.003426075
0.003432751
0.003484011
0.003458023
0.003439188
0.003610849
0.003614187
0.003755808
0.003732204
0.003714323
0.003759384
0.003796577
0.003936052
0.004137278
0.004127741
0.004379272
0.004490614
0.004750729
0.004852772
0.004922867
0.005223989
0.005852699
0.005542517
0.005377531
0.005385637
0.005638123
0.005531788
0.005664587
0.005561352
0.005733967
0.005934
0.005972147
0.005882978
0.005747318
0.005676508
0.005836248
0.005885601
0.006038904
0.006391525
0.006188869
0.006223202
0.006305456
0.007225513
0.006834745
0.006777763
0.006681442
0.006750584
0.006671906
0.006868362
0.007041693
0.007044554
0.006997108
0.00711751
0.007472754
0.007332802
0.007412672
0.007427454
0.007403374
0.007419825
0.00757122
0.007541895
0.00785923
0.007903099
0.008019686
0.007887125
0.008116007
0.009530544
0.012032509
0.00891304
0.008627892
0.008756399
0.008790016
0.008977652
0.008910656
0.00904727
0.009335756
0.009556055
0.009665012
0.00976634
0.009678602
0.009745598
0.009851933
0.00995636
0.010293961
0.010328293
0.010587692
0.011343241
0.010825872
0.011442423
0.010861635
0.011013746
0.011249304
0.011101723
0.011545897
0.011313438
0.01185894
0.011695147
0.011817455
0.011996508
0.01233983
0.012809038
0.012298346
0.01221776
0.013781309
0.01269722
0.013111115
0.01288271
0.013173342
0.013291359
0.013906956
0.013543367
0.013859034
0.01368618
0.01411891
0.014544725
0.015309811
0.014585018
0.014382839
0.015052557
0.015089512
0.015342236
0.014950991
0.015156746
0.015030384
0.015436411
0.01546979
0.016258955
0.01630187
0.016722202
0.016108036
0.016561747
0.016255617
0.019762993
0.021694183
0.020948648
0.022479296
0.02199769
0.017713308
0.017949104
0.019439936
0.018694401
0.018522978
0.02413702
0.018812895
0.018829823
0.018578053
0.019530296
0.019180298
0.021103621
0.02314353
0.022359371
0.020742416
0.021095753
0.021039248
0.020918608
0.021188021
0.021635532
0.024013042
0.022073269
0.022957802
0.025051355
0.022742271
0.023136139
0.022643566
0.02332902
0.023635864
0.023748636
0.024080038
0.024552584
0.024937391
0.024880409
0.024632692
0.025040627
0.025599003
0.025628567
0.025345325
0.025925398
0.027158737
0.026950836
0.027554512
0.028880835
0.027747154
0.027993441
0.028541088
0.031154633
0.030671835
0.029102564
0.029442072
0.029648066
0.030571222
0.030782223
0.031986713
0.033217669
0.031726837
0.03131032
0.033135653
0.033456564
0.034023762
0.000607491
0.000591755
0.000607491
0.00063467
0.000603437
0.000641346
0.000672579
0.000589132
0.000745773
0.00083971
0.000656605
0.000637531
0.000680923
0.00069499
0.000651598
0.000709534
0.000718594
0.000756741
0.000765324
0.000746489
0.000762463
0.000760078
0.000747204
0.000828266
0.000874281
0.000818729
0.000788212
0.000785589
0.000823498
0.000825167
0.000809908
0.000804424
0.000828505
0.000833035
0.000802279
0.000851393
0.000875235
0.000925303
0.000884295
0.000893593
0.0008986
0.000906229
0.00092268
0.000921249
0.000748158
0.00084424
0.000629902
0.000832081
0.000798941
0.001077652
0.001098394
0.000675917
0.00065589
0.000612974
0.00060463
0.000613451
0.000618696
0.000593901
0.000609636
0.000620604
0.000603914
0.000607729
0.000615835
0.000653744
0.000660419
0.000659466
0.000781775
0.000696659
0.000659227
0.000676394
0.000682592
0.000690937
0.000710726
0.000711918
0.000725746
0.000726223
0.00077033
0.000716925
0.00075841
0.000761747
0.000752926
0.000745296
0.000799179
0.000799656
0.000815868
0.000843763
0.001135588
0.000998735
0.000876904
0.000899076
0.000888586
0.000925541
0.000915051
0.00090909
0.000874043
0.001000643
0.001300573
0.00132823
0.001065969
0.001372099
0.001312017
0.001520395
0.001588106
0.001114607
0.001057148
0.000992298
0.000956059
0.000989437
0.001117468
0.001060963
0.001031399
0.001083851
0.001108408
0.001094818
0.001065254
0.00111866
0.001115084
0.00114584
0.001174688
0.001157045
0.001154661
0.001196146
0.001190662
0.001183987
0.00120759
0.001237631
0.001405239
0.001416206
0.001280308
0.001322269
0.001317263
0.001316786
0.001305819
0.001355648
0.001357079
0.001410723
0.001400948
0.001408339
0.001435041
0.001431465
0.001472473
0.001498938
0.001460314
0.001510143
0.001532316
0.001502037
0.001567602
0.001571894
0.001538038
0.001900673
0.001714945
0.001680851
0.001792192
0.001754522
0.001731634
0.001739979
0.001763582
0.001755238
0.001737118
0.001786947
0.00181365
0.001791477
0.001827717
0.001900196
0.001849174
0.001924276
0.002186537
0.002034426
0.001969337
0.00202775
0.002036095
0.002063036
0.002075672
0.002144098
0.002070904
0.002142191
0.002187729
0.002133369
0.00214839
0.002234459
0.002291918
0.002272844
0.002357721
0.002567291
0.002565384
0.002851963
0.002655268
0.002625942
0.002623796
0.002597094
0.002610445
0.002619982
0.002742052
0.002958536
0.002777338
0.002803802
0.00276947
0.002698898
0.00282979
0.002950191
0.002925873
0.002933502
0.003080845
0.003121614
0.003232956
0.003388166
0.003560543
0.003562689
0.003711939
0.003943205
0.004028559
0.004173517
0.004286528
0.004146338
0.003991127
0.004031897
0.003938675
0.003977537
0.003964186
0.004066229
0.004082441
0.004356384
0.0043962
0.004590511
0.004555464
0.004618406
0.004533529
0.004582882
0.004756212
0.004833698
0.004821539
0.004883051
0.004920721
0.004905224
0.005018473
0.005092144
0.005165339
0.005175114
0.005160093
0.005327702
0.006461143
0.005843878
0.005868196
0.00567174
0.005763531
0.006022453
0.006091356
0.006240606
0.006287098
0.006215572
0.006177902
0.006518364
0.006272793
0.006479025
0.006446838
0.006315231
0.006417751
0.006565332
0.006855249
0.006792784
0.006985903
0.006858587
0.006846905
0.007073164
0.006941795
0.006989717
0.007075071
0.007367134
0.007390738
0.007655621
0.007611752
0.00771904
0.007652044
0.007620335
0.007624865
0.00784564
0.008141041
0.00829339
0.008203506
0.00846386
0.008445024
0.008587599
0.008640289
0.008847475
0.008999348
0.009848118
0.013718843
0.010576725
0.00947237
0.009510517
0.009758234
0.009800673
0.010775805
0.010258675
0.009928465
0.010286331
0.01014781
0.010726452
0.010633707
0.011976004
0.010680914
0.011570692
0.010649204
0.011429071
0.010832071
0.010828972
0.011437893
0.01112318
0.011451721
0.01139164
0.011539936
0.011528969
0.011842966
0.012024403
0.012008429
0.01223278
0.01219821
0.01238656
0.012631416
0.013032913
0.012977123
0.012873888
0.013005972
0.013087988
0.013585329
0.01369381
0.013706684
0.013910055
0.013632774
0.014117002
0.014432669
0.014115334
0.01426816
0.014503241
0.014405251
0.014469385
0.015086412
0.015256405
0.01524663
0.015417814
0.016283274
0.015862226
0.015833378
0.016181469
0.016919136
0.016988754
0.016326427
0.017111778
0.01712966
0.016921282
0.01682353
0.01717186
0.01769495
0.017393112
0.018132925
0.018365145
0.01832962
0.01812315
0.019075632
0.019363165
0.02452302
0.02015996
0.019938946
0.020037889
0.019953251
0.021780014
0.0202353
0.020535469
0.02076292
0.021472454
0.021536827
0.021708727
0.021262407
0.021765232
0.022062063
0.021938562
0.022755146
0.022935629
0.02290678
0.023675442
0.023171425
0.023669243
0.023876905
0.023877382
0.024260998
0.025297403
0.024705648
0.025609732
0.025727034
0.027623892
0.026121855
0.026493549
0.026490211
0.027375698
0.028108358
0.026792526
0.02755332
0.029774666
0.028881311
0.028692484
0.028769732
0.030533791
0.03450346
0.029723883
0.030421495
0.030769825
0.031863451
0.031057358
0.031864882
0.031357765
0.030918121
0.032110929
0.032466412
0.032739639
0.032976389
0.033471346
0.033799887
0.034878492
0.035643339
0.035081863
0.035893679
0.03536272
0.034806013
0.03582716
0.03630662
0.036855698
0.036259651
0.036686897
0.03768301
0.037986279
0.040240049
0.044985533
0.039467573
0.039330006
0.04150629
0.042813778
0.041265011
0.040928602
0.042444229
0.045146465
0.042816401
0.043456554
0.043818474
0.044919729
0.045399189
0.045157433
0.046527863
0.045962811
0.046539307
0.047438145
0.047734737
0.048346043
0.047646284
0.050112724
0.054973602
0.050581932
0.052155256
0.050350189
0.051329851
0.05045557
0.050735474
0.052834272
0.05305624
0.053794861
0.05419898
0.059669971
0.059273481
0.060276747
0.061264753
0.060144186
0.05783534
0.060190916
0.063020468
0.061724186
0.064682484
0.060748577
0.062443972
0.062288523
0.063406706
0.061892033
0.064191818
0.063401699
0.064674854
0.066027164
0.066521168
0.066819668
0.070648193
0.071254969
0.074566126
0.068536282
0.070120573
0.070749283
0.071658611
0.072249651
0.071379662
0.074136019
0.075378418
0.07528615
0.075864315
0.074739456
0.080519915
0.085243464
0.078115702
0.079957008
0.079489946
0.080108881
0.0823102
0.083361149
0.084703684
0.085704327
0.085725546
0.085888386
0.08736825
0.094968319
0.091838837
0.091628551
0.092048883
0.09040308
0.092948437
0.096833229
0.095266581
0.093286276
0.096033096
0.10094738
0.101992846
0.105175734
0.100162506
0.100576401
0.102811098
0.104687691
0.106840134
0.106539965
0.107523203
0.109982491
0.126309872
0.1131742
0.11146903
0.111857891
0.115859032
0.113820553
0.116500616
0.119679213
0.121274471
0.12341404
0.119519949
0.121372461
0.122416496
0.124903917
0.137711287
0.126195431
0.13197732
0.135567427
0.129493475
0.13207221
0.131049156
0.137710333
0.1372509
0.138914824
0.144635916
0.140618801
0.142501593
0.144696236
0.146731615
0.145776272
0.147195339
0.155293941
0.149771452
0.147494555
0.15571785
0.155489445
0.154283047
0.156437397
0.16045785
0.161495447
0.159395218
0.163014412
0.166117668
0.169862509
0.170921087
0.168610573
0.173158646
0.172059059
0.177412748
0.182373524
0.183011532
0.183045149
0.182289839
0.181276798
0.188207626
0.196085215
0.188243151
0.193674803
0.196052074
0.196823597
0.201702595
0.201379538
0.202172995
0.200264692
0.203496218
0.215335846
0.210217714
0.214510679
0.213441133
0.219882727
0.227313519
0.222298622
0.228427887
0.226994514
0.234490156
0.234140158
0.233359575
0.231790543
0.247386694
0.245865822
0.245259285
0.248183727
0.250434399
0.249959469
0.253047705
0.249722242
0.254108429
0.263988018
0.265314817
0.266118526
0.2778337
0.266282082
0.26994133
0.278653145
0.288470745
0.281400681
0.277734756
0.286987782
0.298224211
0.294121742
0.298516512
0.312640905
0.307382584
0.309449196
0.313867569
0.31143713
0.316532612
0.321318865
0.321357965
0.32291317
0.322452307
0.333078146
0.335688591
0.332904339
0.344514132
0.339179516
0.343666315
0.350197315
0.354024649
0.361150265
0.359936953
0.363029957
0.375462532
0.376990795
0.370753527
0.391735315
0.387256145
0.396170616
0.40119195
0.400278807
0.397373915
0.406271219
0.410443783
0.417350769
0.431805134
0.429935694
0.416652918
0.424398899
0.43597436
0.427232504
0.448297977
0.439065695
0.455787659
0.456974506
0.454304457
0.468152523
0.472513199
0.467077971
0.472402334
0.48953867
0.476499557
0.499947548
0.500840664
0.501682997
0.50764823
0.521554708
0.503858089
0.513983488
0.528877258
0.538413525
0.544604778
0.535224438
0.552761555
0.559778214
0.555490732
0.552814722
0.586447954
0.580412865
0.592432022
0.580378532
0.605227947
0.614099026
0.60554862
0.605889559
0.611405611
0.624209881
0.62603879
0.638945341
0.654143095
0.654646635
0.665987015
0.680963516
0.694325447
0.684150219
0.695676088
0.679823399
0.701797009
0.688856363
0.711956739
0.713654757
0.717334747
0.720472574
0.706220865
0.726064682
0.732526302
0.749387026
0.754900217
