868
757
881
985
1324
1316
1576
1452
1908
1457
2112
2624
1817
2372
3288
2105
2213
3021
4328
4201
4677
4565
6516
6336
5636
9512
11324
6269
13096
8732
12973
17700
17489
21192
13853
19557
26340
18200
34552
24376
28061
26137
37996
33637
44985
63664
39913
68776
88656
76420
62229
74877
105061
135597
99348
146136
151800
110309
179593
215072
206832
197712
328961
201937
258509
442276
266753
506616
396796
442289
682640
765240
472717
796145
1010484
660325
900757
738177
1293165
1033172
1661700
1874912
2173933
2205408
2001401
1700253
1903433
3406176
3455981
3431372
3295905
4027068
4787017
4129364
7052252
5951120
7822044
6261273
8614473
7176888
8307229
13013912
12680580
14858384
17818116
16362461
12143789
21745460
27316844
23932056
25678500
33803636
37099960
38786388
33450345
29027081
45414141
34082669
57754244
74024885
65439293
56221317
71848781
94872496
116274612
130904652
80399957
123705889
172319264
120089473
161826672
191576164
253718716
288535149
220788041
328571501
334061200
266053221
351010152
446642305
506920976
609744504
602115408
625634496
447741185
882387652
846401372
1113178244
982724821
1355429384
1218270864
1624620744
1135303921
1637809497
