0.002338171
0.003577232
0.01123786
0.017454624
0.017462492
0.023562193
0.026415825
0.036994219
0.039724827
0.046895504
0.057168007
0.045880556
0.054378748
0.044137955
0.080677748
0.065776825
0.074302673
0.093671799
0.100901365
0.11558032
0.102473259
0.074507475
0.130399704
0.073297501
0.128329039
0.085558176
0.116901159
0.153445244
0.088507175
0.101528168
0.15713954
0.177688599
0.104701757
0.165143728
0.143928766
0.12663722
0.192281008
0.244920969
0.162417173
0.154930115
0.201611519
0.273222208
0.157334805
0.261441946
0.30186224
0.374566555
0.417597294
0.37234807
0.366377831
0.295011759
0.310799122
0.216907978
0.17471385
0.218115568
0.256325245
0.310756207
0.265340805
0.360111713
0.190741062
0.347065687
0.223756313
0.242303848
0.314203262
0.209491014
0.337326288
0.368857145
0.403628826
0.350765228
0.223103046
0.404327631
0.317140818
0.278285265
0.38320899
0.335318565
0.271883488
0.297031879
0.409873724
0.413569927
0.370880604
0.461267948
0.257380724
0.304669142
0.369074106
0.543831825
0.264567852
0.378263235
0.365940571
0.35050869
0.554055214
0.606659174
0.387281895
0.497027397
0.444459677
0.469553471
0.39350009
0.443643093
0.533837318
0.489626884
0.54135561
0.579961777
0.537181854
0.504082203
0.340535402
0.364263535
0.634562254
0.641446829
0.678928614
0.524831533
0.420898676
0.340968132
0.358755112
0.538874865
0.443377256
0.481044292
0.648523331
0.809579611
0.752528429
0.385880709
0.60028863
0.507583857
0.547127962
0.787033081
0.782316446
0.503618717
0.569434166
0.54391408
0.754782677
0.71940136
0.767323017
0.561849594
0.476264
0.757439613
0.935951471
0.506902695
0.898772001
0.523780584
0.573491096
0.672104836
0.533092499
0.789605379
0.775199175
0.738307714
0.826657057
0.869096756
1.05942893
0.725529194
1.014491081
0.504223347
0.793046236
0.823919535
0.801877022
0.985613823
0.596205711
0.970522642
0.783170938
0.881531715
1.051699877
1.059252501
0.677447319
0.870456219
0.588927507
0.867113113
0.846592426
0.53645134
0.641115427
0.997354984
0.640360355
1.049861431
0.765877008
1.107568026
1.047073364
0.747197151
1.153558016
1.223230362
0.910579681
0.745108843
0.916995525
1.124578238
1.018356323
0.987202168
0.616101265
1.073037148
1.164186954
1.186462402
1.171952248
0.742904902
0.783147812
1.038057089
0.791812658
1.297806263
1.179587364
1.334410906
1.142572641
1.188613892
1.212922335
1.255512953
1.001875401
1.320039511
1.080367565
1.068637133
1.510567427
1.336982012
1.370719194
1.237524509
2.111277342
1.320315123
1.006645679
1.290448904
1.280682802
1.014983177
1.357573509
1.285150528
0.946951866
1.567178965
1.487167835
0.833328962
0.959371805
1.159044743
1.154430151
1.000876665
1.570329428
0.786069393
1.589655399
0.970358133
0.786569595
1.185441971
1.326822042
1.309720755
1.400627136
1.168361902
1.533008337
0.78938818
1.103498459
1.240823269
1.221261501
1.237322807
1.248423576
1.397363424
1.15161705
1.18001461
1.241730213
1.22570467
1.385329008
1.160584211
1.719832897
1.431204557
1.704329967
0.911520004
1.429431438
1.519582987
1.67235899
1.313951492
1.120114565
1.722909927
1.773035526
1.783478975
0.918290377
1.365087748
1.145743132
1.242192745
1.618165731
1.289614916
1.634658813
1.896540165
0.981149197
1.750290632
1.869208336
1.056045771
1.794321537
1.107627869
1.783104658
1.359901667
1.331188202
1.561497688
0.997767448
0.974746227
1.438152313
1.120506763
1.670832157
1.581112862
1.017047882
1.78295517
1.667552233
1.63718009
1.030528784
1.878359318
0.971131086
1.353159428
1.240588903
1.755247831
1.081888914
1.903795481
1.141550064
1.37872529
1.30937624
1.212975264
1.583127975
1.742487669
2.133409023
1.776706219
1.972176075
1.093013287
1.989054441
1.228258848
